Time,Open,High,Low,Close,Volume,Close time,Quote asset volume,Number of trades,Taker buy base asset volume,Time_alert,Price_alert
1711812720000,2.2730,2.2730,2.2699,2.2712,8633.1,1711812779999,19609.97555,114,2306.6,1711818060000,2.3015
1711812780000,2.2711,2.2731,2.2700,2.2725,2832.0,1711812839999,6434.17546,71,1278.2,1711818060000,2.3015
1711812840000,2.2724,2.2730,2.2706,2.2729,2194.3,1711812899999,4983.86887,65,1252.5,1711818060000,2.3015
1711812900000,2.2731,2.2739,2.2718,2.2725,982.8,1711812959999,2233.74895,33,674.5,1711818060000,2.3015
1711812960000,2.2726,2.2734,2.2706,2.2706,5058.8,1711813019999,11492.42538,69,1191.1,1711818060000,2.3015
1711813020000,2.2711,2.2726,2.2692,2.2712,2801.6,1711813079999,6361.16615,85,1016.5,1711818060000,2.3015
1711813080000,2.2710,2.2716,2.2700,2.2702,1085.2,1711813139999,2464.73837,30,431.5,1711818060000,2.3015
1711813140000,2.2704,2.2715,2.2700,2.2715,444.7,1711813199999,1009.66920,19,107.5,1711818060000,2.3015
1711813200000,2.2712,2.2736,2.2705,2.2733,2698.8,1711813259999,6132.90820,73,1713.6,1711818060000,2.3015
1711813260000,2.2736,2.2766,2.2735,2.2744,4798.7,1711813319999,10917.60101,102,3066.2,1711818060000,2.3015
1711813320000,2.2748,2.2775,2.2748,2.2764,1175.7,1711813379999,2675.96797,44,799.5,1711818060000,2.3015
1711813380000,2.2763,2.2764,2.2746,2.2762,2042.1,1711813439999,4647.86065,53,434.0,1711818060000,2.3015
1711813440000,2.2757,2.2795,2.2757,2.2793,703.8,1711813499999,1603.69702,44,689.0,1711818060000,2.3015
1711813500000,2.2791,2.2808,2.2791,2.2807,2159.9,1711813559999,4925.20646,50,1877.4,1711818060000,2.3015
1711813560000,2.2806,2.2809,2.2782,2.2794,13918.3,1711813619999,31732.26036,128,1970.3,1711818060000,2.3015
1711813620000,2.2792,2.2795,2.2773,2.2795,1898.5,1711813679999,4325.30678,49,1042.8,1711818060000,2.3015
1711813680000,2.2794,2.2794,2.2766,2.2766,1693.3,1711813739999,3856.95591,40,384.0,1711818060000,2.3015
1711813740000,2.2767,2.2784,2.2767,2.2776,937.0,1711813799999,2134.32570,43,900.2,1711818060000,2.3015
1711813800000,2.2778,2.2779,2.2757,2.2759,1999.8,1711813859999,4551.95111,55,939.9,1711818060000,2.3015
1711813860000,2.2759,2.2811,2.2759,2.2810,2194.6,1711813919999,5000.13021,87,1997.3,1711818060000,2.3015
1711813920000,2.2810,2.2811,2.2803,2.2803,310.7,1711813979999,708.70019,12,12.6,1711818060000,2.3015
1711813980000,2.2808,2.2823,2.2808,2.2822,868.6,1711814039999,1981.69485,30,729.7,1711818060000,2.3015
1711814040000,2.2823,2.2841,2.2809,2.2812,2417.1,1711814099999,5519.20766,68,1657.4,1711818060000,2.3015
1711814100000,2.2814,2.2818,2.2797,2.2808,904.8,1711814159999,2063.62823,32,90.5,1711818060000,2.3015
1711814160000,2.2804,2.2822,2.2804,2.2804,900.9,1711814219999,2055.66378,32,564.0,1711818060000,2.3015
1711814220000,2.2803,2.2804,2.2795,2.2797,844.3,1711814279999,1924.94653,20,550.3,1711818060000,2.3015
1711814280000,2.2798,2.2822,2.2798,2.2813,991.9,1711814339999,2262.99482,38,317.7,1711818060000,2.3015
1711814340000,2.2819,2.2821,2.2819,2.2819,570.1,1711814399999,1300.98962,18,294.0,1711818060000,2.3015
1711814400000,2.2821,2.2821,2.2768,2.2781,4538.7,1711814459999,10349.78133,87,895.9,1711818060000,2.3015
1711814460000,2.2779,2.2799,2.2779,2.2787,817.1,1711814519999,1862.31152,63,328.3,1711818060000,2.3015
1711814520000,2.2789,2.2864,2.2789,2.2864,5593.9,1711814579999,12770.03666,145,5328.8,1711818060000,2.3015
1711814580000,2.2862,2.2877,2.2857,2.2860,3316.1,1711814639999,7583.60167,92,1455.1,1711818060000,2.3015
1711814640000,2.2857,2.2857,2.2826,2.2826,1814.9,1711814699999,4145.78653,72,1421.5,1711818060000,2.3015
1711814700000,2.2827,2.2873,2.2827,2.2872,1107.5,1711814759999,2530.63853,68,826.9,1711818060000,2.3015
1711814760000,2.2872,2.2901,2.2867,2.2901,3461.7,1711814819999,7920.35590,87,1432.6,1711818060000,2.3015
1711814820000,2.2900,2.2900,2.2851,2.2852,697.7,1711814879999,1595.98386,49,46.6,1711818060000,2.3015
1711814880000,2.2855,2.2861,2.2834,2.2857,1223.5,1711814939999,2794.88966,56,988.4,1711818060000,2.3015
1711814940000,2.2856,2.2869,2.2856,2.2869,482.1,1711814999999,1102.27942,31,298.6,1711818060000,2.3015
1711815000000,2.2869,2.2894,2.2869,2.2892,728.4,1711815059999,1667.01978,42,526.6,1711818060000,2.3015
1711815060000,2.2890,2.2891,2.2873,2.2880,1007.7,1711815119999,2305.54707,55,258.8,1711818060000,2.3015
1711815120000,2.2872,2.2877,2.2854,2.2873,4052.0,1711815179999,9263.31793,50,866.0,1711818060000,2.3015
1711815180000,2.2872,2.2872,2.2852,2.2862,697.5,1711815239999,1594.34120,29,232.0,1711818060000,2.3015
1711815240000,2.2865,2.2865,2.2857,2.2858,971.8,1711815299999,2221.99111,20,0,1711818060000,2.3015
1711815300000,2.2857,2.2857,2.2804,2.2829,8331.1,1711815359999,19028.20219,148,4716.9,1711818060000,2.3015
1711815360000,2.2835,2.2856,2.2813,2.2820,1612.5,1711815419999,3682.42074,54,1061.6,1711818060000,2.3015
1711815420000,2.2815,2.2823,2.2789,2.2796,3195.7,1711815479999,7288.74972,74,736.8,1711818060000,2.3015
1711815480000,2.2794,2.2794,2.2733,2.2735,8829.0,1711815539999,20083.75600,113,7131.1,1711818060000,2.3015
1711815540000,2.2738,2.2770,2.2727,2.2760,2775.6,1711815599999,6312.85016,78,1083.7,1711818060000,2.3015
1711815600000,2.2753,2.2790,2.2746,2.2778,2142.8,1711815659999,4878.43951,67,1279.4,1711818060000,2.3015
1711815660000,2.2780,2.2828,2.2780,2.2824,2113.9,1711815719999,4819.25084,63,1229.1,1711818060000,2.3015
1711815720000,2.2822,2.2830,2.2801,2.2826,2340.9,1711815779999,5341.02409,65,1402.5,1711818060000,2.3015
1711815780000,2.2828,2.2867,2.2827,2.2848,3609.6,1711815839999,8249.96672,77,1131.8,1711818060000,2.3015
1711815840000,2.2852,2.2867,2.2852,2.2855,345.7,1711815899999,790.33552,23,123.4,1711818060000,2.3015
1711815900000,2.2851,2.2875,2.2851,2.2872,1337.9,1711815959999,3059.72102,44,777.9,1711818060000,2.3015
1711815960000,2.2877,2.2892,2.2877,2.2882,1989.9,1711816019999,4553.94055,62,1287.4,1711818060000,2.3015
1711816020000,2.2886,2.2898,2.2886,2.2897,995.2,1711816079999,2278.32863,21,956.7,1711818060000,2.3015
1711816080000,2.2896,2.2896,2.2870,2.2873,590.0,1711816139999,1350.27264,15,156.3,1711818060000,2.3015
1711816140000,2.2877,2.2886,2.2877,2.2877,544.9,1711816199999,1246.72715,19,449.7,1711818060000,2.3015
1711816200000,2.2873,2.2889,2.2869,2.2878,2158.9,1711816259999,4938.83781,68,731.7,1711818060000,2.3015
1711816260000,2.2873,2.2883,2.2838,2.2840,1761.0,1711816319999,4027.80593,55,447.7,1711818060000,2.3015
1711816320000,2.2845,2.2856,2.2842,2.2845,1793.3,1711816379999,4097.31853,59,1129.7,1711818060000,2.3015
1711816380000,2.2839,2.2839,2.2793,2.2809,4029.3,1711816439999,9190.56888,100,1624.7,1711818060000,2.3015
1711816440000,2.2807,2.2824,2.2805,2.2824,1530.8,1711816499999,3492.53147,47,1236.0,1711818060000,2.3015
1711816500000,2.2832,2.2848,2.2828,2.2833,2578.1,1711816559999,5888.18106,69,1254.2,1711818060000,2.3015
1711816560000,2.2832,2.2832,2.2783,2.2784,2692.3,1711816619999,6139.21694,89,1052.7,1711818060000,2.3015
1711816620000,2.2787,2.2816,2.2787,2.2803,2914.6,1711816679999,6646.89240,37,634.9,1711818060000,2.3015
1711816680000,2.2808,2.2832,2.2796,2.2828,846.9,1711816739999,1932.55022,52,702.2,1711818060000,2.3015
1711816740000,2.2819,2.2820,2.2791,2.2791,840.6,1711816799999,1917.14816,31,100.0,1711818060000,2.3015
1711816800000,2.2790,2.2798,2.2785,2.2789,1612.8,1711816859999,3675.37479,47,739.5,1711818060000,2.3015
1711816860000,2.2782,2.2798,2.2776,2.2789,1983.3,1711816919999,4518.57642,65,940.5,1711818060000,2.3015
1711816920000,2.2785,2.2791,2.2725,2.2738,3355.9,1711816979999,7634.22503,110,789.8,1711818060000,2.3015
1711816980000,2.2740,2.2750,2.2708,2.2727,2215.5,1711817039999,5035.46982,89,1655.7,1711818060000,2.3015
1711817040000,2.2728,2.2746,2.2721,2.2731,1630.5,1711817099999,3707.25857,68,1147.4,1711818060000,2.3015
1711817100000,2.2730,2.2762,2.2724,2.2738,3624.6,1711817159999,8245.35447,86,2321.4,1711818060000,2.3015
1711817160000,2.2738,2.2800,2.2725,2.2795,8239.8,1711817219999,18745.98214,169,7891.6,1711818060000,2.3015
1711817220000,2.2795,2.2854,2.2795,2.2816,4267.2,1711817279999,9744.31957,159,1638.5,1711818060000,2.3015
1711817280000,2.2825,2.2853,2.2825,2.2849,469.4,1711817339999,1072.49510,24,50.8,1711818060000,2.3015
1711817340000,2.2844,2.2884,2.2838,2.2879,3683.6,1711817399999,8426.22565,107,2018.1,1711818060000,2.3015
1711817400000,2.2882,2.2927,2.2881,2.2916,12026.9,1711817459999,27549.96262,213,9287.2,1711818060000,2.3015
1711817460000,2.2913,2.2936,2.2903,2.2903,1743.8,1711817519999,3998.39529,57,106.5,1711818060000,2.3015
1711817520000,2.2900,2.2900,2.2870,2.2884,1057.8,1711817579999,2420.77175,48,532.9,1711818060000,2.3015
1711817580000,2.2888,2.2888,2.2858,2.2874,1298.9,1711817639999,2970.17719,51,376.8,1711818060000,2.3015
1711817640000,2.2883,2.2908,2.2880,2.2906,1376.6,1711817699999,3151.53932,56,1121.3,1711818060000,2.3015
1711817700000,2.2905,2.2919,2.2896,2.2919,817.4,1711817759999,1872.45428,54,529.1,1711818060000,2.3015
1711817760000,2.2915,2.2924,2.2899,2.2904,2252.3,1711817819999,5161.45866,79,1848.6,1711818060000,2.3015
1711817820000,2.2899,2.2904,2.2888,2.2902,947.7,1711817879999,2169.83075,27,811.9,1711818060000,2.3015
1711817880000,2.2899,2.2900,2.2894,2.2899,421.6,1711817939999,965.41704,15,38.8,1711818060000,2.3015
1711817940000,2.2900,2.2916,2.2900,2.2906,707.1,1711817999999,1619.84138,36,361.7,1711818060000,2.3015
1711818000000,2.2912,2.2918,2.2877,2.2891,13256.1,1711818059999,30349.79107,171,2967.3,1711818060000,2.3015
1711818060000,2.2889,2.3037,2.2872,2.2992,45100.4,1711818119999,103523.88823,662,29365.7,1711818060000,2.3015
1711818120000,2.2992,2.3047,2.2973,2.3029,31294.9,1711818179999,72032.61058,489,16729.6,1711818060000,2.3015
1711818180000,2.3029,2.3079,2.3021,2.3021,11589.3,1711818239999,26719.92300,316,4487.4,1711818060000,2.3015
1711818240000,2.3025,2.3025,2.2965,2.2965,1684.4,1711818299999,3873.08250,73,424.4,1711818060000,2.3015
1711818300000,2.2964,2.2964,2.2851,2.2872,43056.1,1711818359999,98549.28887,560,8846.9,1711818060000,2.3015
1711818360000,2.2872,2.2899,2.2872,2.2899,6825.5,1711818419999,15624.71459,182,2497.8,1711818060000,2.3015
1711818420000,2.2899,2.2899,2.2884,2.2892,1975.2,1711818479999,4521.73643,79,938.5,1711818060000,2.3015
1711818480000,2.2893,2.2916,2.2879,2.2902,3236.1,1711818539999,7409.99482,110,2423.3,1711818060000,2.3015
1711818540000,2.2897,2.2915,2.2881,2.2915,2124.8,1711818599999,4864.14669,63,1175.5,1711818060000,2.3015
1711818600000,2.2912,2.2912,2.2873,2.2882,1810.5,1711818659999,4144.94571,54,1056.5,1711818060000,2.3015
1711818660000,2.2886,2.2886,2.2873,2.2884,1696.5,1711818719999,3881.32301,50,860.1,1711818060000,2.3015
1711818720000,2.2884,2.2885,2.2865,2.2866,2501.7,1711818779999,5722.71675,50,744.5,1711818060000,2.3015
1711818780000,2.2864,2.2864,2.2841,2.2841,1280.6,1711818839999,2926.16951,45,139.5,1711818060000,2.3015
1711818840000,2.2836,2.2836,2.2808,2.2812,1843.6,1711818899999,4207.14098,64,758.0,1711818060000,2.3015
1711818900000,2.2809,2.2815,2.2778,2.2808,10775.2,1711818959999,24565.72597,342,6933.7,1711818060000,2.3015
1711818960000,2.2808,2.2847,2.2808,2.2829,4146.4,1711819019999,9466.33074,143,2656.3,1711818060000,2.3015
1711819020000,2.2823,2.2841,2.2815,2.2829,3069.3,1711819079999,7007.35646,43,2905.2,1711818060000,2.3015
1711819080000,2.2830,2.2830,2.2800,2.2810,1025.6,1711819139999,2339.67793,57,459.4,1711818060000,2.3015
1711819140000,2.2810,2.2813,2.2772,2.2781,2522.7,1711819199999,5748.23008,79,493.1,1711818060000,2.3015
1711819200000,2.2777,2.2780,2.2761,2.2778,2814.7,1711819259999,6408.96676,84,1648.2,1711818060000,2.3015
1711819260000,2.2778,2.2818,2.2778,2.2818,222.0,1711819319999,505.95088,26,135.1,1711818060000,2.3015
1711819320000,2.2817,2.2831,2.2811,2.2831,1309.0,1711819379999,2986.92578,38,405.6,1711818060000,2.3015
1711819380000,2.2832,2.2843,2.2832,2.2839,305.2,1711819439999,697.09043,15,55.1,1711818060000,2.3015
1711819440000,2.2836,2.2840,2.2796,2.2796,295.7,1711819499999,674.95567,23,0,1711818060000,2.3015
1711819500000,2.2798,2.2818,2.2795,2.2798,395.7,1711819559999,902.37976,17,147.5,1711818060000,2.3015
1711819560000,2.2798,2.2825,2.2798,2.2825,888.7,1711819619999,2027.86543,22,888.7,1711818060000,2.3015
1711819620000,2.2824,2.2824,2.2812,2.2818,563.5,1711819679999,1285.77340,30,87.5,1711818060000,2.3015
1711819680000,2.2818,2.2841,2.2818,2.2841,1104.3,1711819739999,2520.56784,49,304.3,1711818060000,2.3015
1711819740000,2.2840,2.2852,2.2833,2.2851,1281.7,1711819799999,2927.97869,40,1253.1,1711818060000,2.3015
1711819800000,2.2851,2.2870,2.2831,2.2855,3830.2,1711819859999,8755.29642,98,2932.5,1711818060000,2.3015
1711819860000,2.2851,2.2851,2.2808,2.2813,2119.4,1711819919999,4836.75346,55,218.1,1711818060000,2.3015
1711819920000,2.2815,2.2840,2.2815,2.2836,1706.4,1711819979999,3895.83486,67,1101.8,1711818060000,2.3015
1711819980000,2.2843,2.2862,2.2841,2.2861,616.8,1711820039999,1409.34868,21,602.1,1711818060000,2.3015
1711820040000,2.2861,2.2868,2.2853,2.2854,735.8,1711820099999,1682.31387,32,270.2,1711818060000,2.3015
1711820100000,2.2850,2.2863,2.2848,2.2861,440.3,1711820159999,1006.35371,26,346.6,1711818060000,2.3015
1711820160000,2.2867,2.2887,2.2856,2.2876,6994.5,1711820219999,15997.53159,180,4194.6,1711818060000,2.3015
1711820220000,2.2872,2.2892,2.2872,2.2892,283.3,1711820279999,648.26564,14,283.3,1711818060000,2.3015
1711820280000,2.2896,2.2922,2.2896,2.2921,648.5,1711820339999,1485.81978,43,480.9,1711818060000,2.3015
1711820340000,2.2913,2.2913,2.2874,2.2884,1330.2,1711820399999,3044.29022,58,85.1,1711818060000,2.3015
1711820400000,2.2886,2.2905,2.2879,2.2902,1247.1,1711820459999,2855.12385,69,793.6,1711818060000,2.3015
1711820460000,2.2891,2.2891,2.2874,2.2876,3596.8,1711820519999,8231.59482,72,300.7,1711818060000,2.3015
1711820520000,2.2882,2.2922,2.2882,2.2922,765.4,1711820579999,1753.33714,27,716.9,1711818060000,2.3015
1711820580000,2.2924,2.2929,2.2920,2.2928,1433.0,1711820639999,3284.87610,26,202.9,1711818060000,2.3015
1711820640000,2.2931,2.2944,2.2931,2.2944,335.8,1711820699999,770.21690,16,317.7,1711818060000,2.3015
1711820700000,2.2944,2.2945,2.2910,2.2910,1358.8,1711820759999,3115.40796,45,395.5,1711818060000,2.3015
1711820760000,2.2897,2.2898,2.2866,2.2866,3105.0,1711820819999,7103.69103,91,456.4,1711818060000,2.3015
1711820820000,2.2877,2.2908,2.2877,2.2887,522.3,1711820879999,1195.72261,34,268.5,1711818060000,2.3015
1711820880000,2.2890,2.2890,2.2877,2.2886,405.5,1711820939999,927.96461,27,322.9,1711818060000,2.3015
1711820940000,2.2886,2.2892,2.2856,2.2869,2800.4,1711820999999,6403.12916,67,179.1,1711818060000,2.3015
1711821000000,2.2870,2.2905,2.2869,2.2897,900.5,1711821059999,2060.78739,56,776.6,1711818060000,2.3015
1711821060000,2.2901,2.2936,2.2895,2.2928,3133.6,1711821119999,7181.13950,141,2318.9,1711818060000,2.3015
1711821120000,2.2931,2.2951,2.2931,2.2939,2057.0,1711821179999,4720.01647,58,748.6,1711818060000,2.3015
1711821180000,2.2924,2.2930,2.2914,2.2926,1073.5,1711821239999,2460.72819,42,610.9,1711818060000,2.3015
1711821240000,2.2931,2.2952,2.2931,2.2949,913.1,1711821299999,2094.82331,29,296.7,1711818060000,2.3015
1711821300000,2.2945,2.2963,2.2938,2.2952,773.0,1711821359999,1774.40080,43,483.3,1711818060000,2.3015
1711821360000,2.2957,2.2960,2.2947,2.2956,443.4,1711821419999,1017.85960,33,96.5,1711818060000,2.3015
1711821420000,2.2951,2.2956,2.2943,2.2956,328.6,1711821479999,754.10365,21,207.5,1711818060000,2.3015
1711821480000,2.2957,2.2957,2.2939,2.2939,116.8,1711821539999,268.11042,5,16.5,1711818060000,2.3015
1711821540000,2.2940,2.2943,2.2928,2.2934,833.8,1711821599999,1912.00366,18,707.8,1711818060000,2.3015
1711821600000,2.2935,2.2937,2.2913,2.2928,3888.9,1711821659999,8916.74703,102,1261.5,1711818060000,2.3015
1711821660000,2.2925,2.2930,2.2911,2.2921,1186.4,1711821719999,2719.35808,66,269.0,1711818060000,2.3015
1711821720000,2.2921,2.2943,2.2921,2.2939,739.5,1711821779999,1695.64325,48,484.9,1711818060000,2.3015
1711821780000,2.2933,2.2933,2.2915,2.2925,806.1,1711821839999,1847.98028,53,362.1,1711818060000,2.3015
1711821840000,2.2922,2.2932,2.2921,2.2925,312.6,1711821899999,716.74731,26,253.5,1711818060000,2.3015
1711821900000,2.2925,2.2925,2.2909,2.2917,522.4,1711821959999,1197.15514,36,331.2,1711818060000,2.3015
1711821960000,2.2919,2.2923,2.2909,2.2912,1206.2,1711822019999,2763.61750,33,1056.7,1711818060000,2.3015
1711822020000,2.2914,2.2914,2.2869,2.2869,1594.1,1711822079999,3649.04063,59,403.6,1711818060000,2.3015
1711822080000,2.2868,2.2899,2.2868,2.2895,1306.2,1711822139999,2989.26274,57,1244.8,1711818060000,2.3015
1711822140000,2.2881,2.2881,2.2856,2.2856,1203.6,1711822199999,2752.52022,42,226.2,1711818060000,2.3015
1711822200000,2.2854,2.2870,2.2825,2.2829,578.8,1711822259999,1322.33585,44,386.3,1711818060000,2.3015
1711822260000,2.2827,2.2858,2.2814,2.2851,1946.1,1711822319999,4442.23741,93,757.9,1711818060000,2.3015
1711822320000,2.2852,2.2874,2.2852,2.2865,578.0,1711822379999,1321.49730,30,332.8,1711818060000,2.3015
1711822380000,2.2859,2.2882,2.2859,2.2863,174.3,1711822439999,398.64683,21,86.9,1711818060000,2.3015
1711822440000,2.2861,2.2866,2.2849,2.2865,1489.1,1711822499999,3404.10387,30,585.3,1711818060000,2.3015
1711822500000,2.2869,2.2881,2.2860,2.2879,2544.1,1711822559999,5819.35499,63,1768.2,1711818060000,2.3015
1711822560000,2.2878,2.2915,2.2877,2.2877,2023.3,1711822619999,4632.05414,89,319.7,1711818060000,2.3015
1711822620000,2.2889,2.2911,2.2889,2.2902,713.1,1711822679999,1632.91230,41,445.3,1711818060000,2.3015
1711822680000,2.2903,2.2903,2.2857,2.2874,602.4,1711822739999,1378.05653,44,350.4,1711818060000,2.3015
1711822740000,2.2879,2.2895,2.2873,2.2879,473.9,1711822799999,1084.31318,30,319.6,1711818060000,2.3015
1711822800000,2.2881,2.2919,2.2880,2.2919,1974.5,1711822859999,4520.36415,70,1593.2,1711818060000,2.3015
1711822860000,2.2920,2.2956,2.2920,2.2948,2422.0,1711822919999,5556.66019,91,1676.0,1711818060000,2.3015
1711822920000,2.2950,2.2955,2.2943,2.2955,634.0,1711822979999,1455.05418,25,430.2,1711818060000,2.3015
1711822980000,2.2958,2.2977,2.2955,2.2974,2347.2,1711823039999,5390.31738,73,885.8,1711818060000,2.3015
1711823040000,2.2977,2.2987,2.2967,2.2970,766.9,1711823099999,1762.31712,37,165.5,1711818060000,2.3015
1711823100000,2.2975,2.2994,2.2972,2.2972,824.1,1711823159999,1894.23960,46,652.0,1711818060000,2.3015
1711823160000,2.2973,2.2976,2.2967,2.2968,395.0,1711823219999,907.45812,24,125.4,1711818060000,2.3015
1711823220000,2.2977,2.2977,2.2967,2.2973,426.2,1711823279999,979.00752,18,164.6,1711818060000,2.3015
1711823280000,2.2975,2.2977,2.2968,2.2968,796.1,1711823339999,1828.67713,18,523.5,1711818060000,2.3015
1711823340000,2.2971,2.2989,2.2971,2.2977,1771.2,1711823399999,4070.18095,46,734.7,1711818060000,2.3015
1711823400000,2.2984,2.3000,2.2981,2.2981,1970.5,1711823459999,4530.94018,47,710.9,1711818060000,2.3015
1711823460000,2.2980,2.3002,2.2965,2.2983,5650.6,1711823519999,12986.85473,115,2326.1,1711818060000,2.3015
1711823520000,2.2983,2.2983,2.2963,2.2963,1096.7,1711823579999,2520.13304,28,894.0,1711818060000,2.3015
1711823580000,2.2958,2.2958,2.2915,2.2942,2677.1,1711823639999,6139.50574,91,748.2,1711818060000,2.3015
1711823640000,2.2935,2.2954,2.2920,2.2953,505.9,1711823699999,1160.36477,38,469.0,1711818060000,2.3015
1711823700000,2.2950,2.2952,2.2920,2.2932,919.8,1711823759999,2109.36784,56,408.3,1711818060000,2.3015
1711823760000,2.2930,2.2930,2.2912,2.2920,746.5,1711823819999,1710.74682,55,452.6,1711818060000,2.3015
1711823820000,2.2922,2.2936,2.2912,2.2936,1682.6,1711823879999,3857.91377,52,1635.5,1711818060000,2.3015
1711823880000,2.2935,2.2939,2.2919,2.2919,409.7,1711823939999,939.61567,27,232.5,1711818060000,2.3015
1711823940000,2.2917,2.2920,2.2908,2.2919,460.7,1711823999999,1055.66578,31,237.4,1711818060000,2.3015
1711824000000,2.2919,2.2926,2.2914,2.2914,1165.2,1711824059999,2670.49319,21,1045.1,1711818060000,2.3015
1711824060000,2.2914,2.2942,2.2912,2.2918,1275.4,1711824119999,2923.20313,38,626.6,1711818060000,2.3015
1711824120000,2.2914,2.2916,2.2910,2.2911,571.2,1711824179999,1308.80857,18,212.7,1711818060000,2.3015
1711824180000,2.2911,2.2911,2.2900,2.2906,789.6,1711824239999,1808.68281,30,220.8,1711818060000,2.3015
1711824240000,2.2900,2.2901,2.2860,2.2895,2548.0,1711824299999,5827.20607,79,122.8,1711818060000,2.3015
1711824300000,2.2891,2.2910,2.2880,2.2909,1110.4,1711824359999,2542.85320,47,610.8,1711818060000,2.3015
1711824360000,2.2903,2.2913,2.2900,2.2900,671.2,1711824419999,1537.31414,33,387.1,1711818060000,2.3015
1711824420000,2.2905,2.2917,2.2902,2.2902,273.1,1711824479999,625.58381,20,163.4,1711818060000,2.3015
1711824480000,2.2900,2.2920,2.2890,2.2920,315.0,1711824539999,721.20945,27,205.0,1711818060000,2.3015
1711824540000,2.2919,2.2920,2.2905,2.2920,280.5,1711824599999,642.79474,19,166.1,1711818060000,2.3015
1711824600000,2.2926,2.2944,2.2926,2.2929,210.5,1711824659999,482.77839,22,107.3,1711818060000,2.3015
1711824660000,2.2928,2.2943,2.2922,2.2922,155.5,1711824719999,356.61916,17,107.8,1711818060000,2.3015
1711824720000,2.2919,2.2919,2.2882,2.2890,1819.0,1711824779999,4164.63308,53,1417.1,1711818060000,2.3015
1711824780000,2.2887,2.2887,2.2860,2.2879,1558.1,1711824839999,3563.44247,57,56.2,1711818060000,2.3015
1711824840000,2.2867,2.2871,2.2866,2.2866,269.0,1711824899999,615.13328,18,93.3,1711818060000,2.3015
1711824900000,2.2875,2.2884,2.2872,2.2878,633.4,1711824959999,1449.12369,20,155.7,1711818060000,2.3015
1711824960000,2.2871,2.2871,2.2857,2.2869,1494.7,1711825019999,3417.33469,49,1078.7,1711818060000,2.3015
1711825020000,2.2877,2.2881,2.2867,2.2867,2134.3,1711825079999,4881.80968,64,1484.2,1711818060000,2.3015
1711825080000,2.2864,2.2864,2.2855,2.2860,1243.6,1711825139999,2842.77252,35,82.3,1711818060000,2.3015
1711825140000,2.2863,2.2911,2.2863,2.2879,8475.6,1711825199999,19402.13605,131,7717.1,1711818060000,2.3015
1711825200000,2.2879,2.2879,2.2827,2.2871,16424.9,1711825259999,37542.47280,381,9624.7,1711818060000,2.3015
1711825260000,2.2871,2.2877,2.2834,2.2845,11306.7,1711825319999,25839.23402,198,6421.8,1711818060000,2.3015
1711825320000,2.2848,2.2908,2.2848,2.2873,6020.3,1711825379999,13780.21348,152,3088.4,1711818060000,2.3015
1711825380000,2.2873,2.2898,2.2868,2.2879,4185.3,1711825439999,9577.20241,112,1081.0,1711818060000,2.3015
1711825440000,2.2886,2.2886,2.2873,2.2874,799.8,1711825499999,1829.80571,28,25.4,1711818060000,2.3015
1711825500000,2.2872,2.2872,2.2832,2.2841,3179.1,1711825559999,7265.76931,97,1837.6,1711818060000,2.3015
1711825560000,2.2840,2.2849,2.2829,2.2834,2864.7,1711825619999,6542.90233,107,1352.8,1711818060000,2.3015
1711825620000,2.2835,2.2882,2.2820,2.2882,2514.0,1711825679999,5742.40696,135,1913.3,1711818060000,2.3015
1711825680000,2.2875,2.2905,2.2872,2.2886,7537.7,1711825739999,17257.49138,147,2207.1,1711818060000,2.3015
1711825740000,2.2884,2.2893,2.2847,2.2847,997.9,1711825799999,2283.01753,46,885.9,1711818060000,2.3015
1711825800000,2.2846,2.2850,2.2826,2.2827,2296.1,1711825859999,5243.98143,106,965.8,1711818060000,2.3015
1711825860000,2.2827,2.2827,2.2782,2.2795,3700.3,1711825919999,8435.58477,192,655.3,1711818060000,2.3015
1711825920000,2.2794,2.2806,2.2761,2.2765,2559.0,1711825979999,5828.37468,113,841.3,1711818060000,2.3015
1711825980000,2.2768,2.2775,2.2732,2.2775,4516.8,1711826039999,10276.85506,183,1434.4,1711818060000,2.3015
1711826040000,2.2774,2.2782,2.2739,2.2759,8754.4,1711826099999,19922.61951,109,2759.0,1711818060000,2.3015
1711826100000,2.2760,2.2793,2.2759,2.2781,1739.0,1711826159999,3961.32675,75,246.6,1711818060000,2.3015
1711826160000,2.2776,2.2776,2.2701,2.2702,12390.6,1711826219999,28144.87574,246,1798.7,1711818060000,2.3015
1711826220000,2.2709,2.2730,2.2694,2.2724,3734.6,1711826279999,8479.84034,117,1219.6,1711818060000,2.3015
1711826280000,2.2719,2.2765,2.2719,2.2760,949.1,1711826339999,2158.24012,62,531.5,1711818060000,2.3015
1711826340000,2.2765,2.2799,2.2764,2.2796,1159.5,1711826399999,2641.75197,62,855.7,1711818060000,2.3015
1711826400000,2.2793,2.2815,2.2788,2.2802,4564.0,1711826459999,10405.46777,120,917.6,1711818060000,2.3015
1711826460000,2.2796,2.2807,2.2751,2.2780,3542.1,1711826519999,8065.62526,79,1013.8,1711818060000,2.3015
1711826520000,2.2775,2.2821,2.2764,2.2821,1862.1,1711826579999,4244.39137,88,937.5,1711818060000,2.3015
1711826580000,2.2814,2.2831,2.2795,2.2830,2633.0,1711826639999,6004.28896,37,130.1,1711818060000,2.3015
1711826640000,2.2827,2.2853,2.2821,2.2840,3340.7,1711826699999,7629.90841,118,2060.1,1711818060000,2.3015
1711826700000,2.2853,2.2858,2.2847,2.2851,825.4,1711826759999,1886.15035,34,161.5,1711818060000,2.3015
1711826760000,2.2850,2.2860,2.2836,2.2853,4434.4,1711826819999,10131.43789,94,819.1,1711818060000,2.3015
1711826820000,2.2855,2.2866,2.2817,2.2861,10056.3,1711826879999,22965.92795,189,2052.6,1711818060000,2.3015
1711826880000,2.2858,2.2865,2.2853,2.2858,835.8,1711826939999,1910.42608,24,276.3,1711818060000,2.3015
1711826940000,2.2859,2.2891,2.2859,2.2887,2145.5,1711826999999,4908.17924,59,2022.1,1711818060000,2.3015
1711827000000,2.2889,2.2890,2.2863,2.2866,3024.1,1711827059999,6918.63475,66,249.8,1711818060000,2.3015
1711827060000,2.2863,2.2863,2.2836,2.2857,2104.2,1711827119999,4807.70160,74,1263.8,1711818060000,2.3015
1711827120000,2.2862,2.2911,2.2853,2.2911,2094.3,1711827179999,4789.98553,100,998.7,1711818060000,2.3015
1711827180000,2.2911,2.2930,2.2907,2.2907,628.7,1711827239999,1440.74520,44,419.3,1711818060000,2.3015
1711827240000,2.2908,2.2939,2.2908,2.2933,1829.2,1711827299999,4194.57936,74,675.4,1711818060000,2.3015
1711827300000,2.2928,2.2941,2.2911,2.2941,1330.2,1711827359999,3049.13580,70,925.5,1711818060000,2.3015
1711827360000,2.2937,2.2943,2.2920,2.2920,1017.7,1711827419999,2334.36545,36,134.1,1711818060000,2.3015
1711827420000,2.2916,2.2931,2.2894,2.2908,3552.9,1711827479999,8140.59386,97,1941.3,1711818060000,2.3015
1711827480000,2.2908,2.2933,2.2908,2.2920,767.5,1711827539999,1759.14245,40,483.9,1711818060000,2.3015
1711827540000,2.2918,2.2922,2.2906,2.2921,394.6,1711827599999,904.27032,29,301.7,1711818060000,2.3015
1711827600000,2.2920,2.2921,2.2911,2.2921,483.5,1711827659999,1108.07484,18,96.8,1711818060000,2.3015
1711827660000,2.2927,2.2948,2.2927,2.2929,5663.3,1711827719999,12988.54462,118,1185.0,1711818060000,2.3015
1711827720000,2.2922,2.2929,2.2922,2.2928,348.5,1711827779999,798.97920,19,172.1,1711818060000,2.3015
1711827780000,2.2932,2.2944,2.2927,2.2939,460.6,1711827839999,1056.31736,19,148.8,1711818060000,2.3015
1711827840000,2.2941,2.2954,2.2938,2.2938,656.8,1711827899999,1507.21635,36,273.5,1711818060000,2.3015
1711827900000,2.2939,2.2943,2.2908,2.2908,1331.1,1711827959999,3052.78230,42,84.0,1711818060000,2.3015
1711827960000,2.2909,2.2935,2.2909,2.2932,3079.7,1711828019999,7059.82064,63,1760.8,1711818060000,2.3015
1711828020000,2.2940,2.2949,2.2924,2.2924,1433.3,1711828079999,3287.66551,64,289.8,1711818060000,2.3015
1711828080000,2.2916,2.2937,2.2914,2.2926,1839.6,1711828139999,4216.15810,39,1254.3,1711818060000,2.3015
1711828140000,2.2928,2.2934,2.2916,2.2934,359.9,1711828199999,824.82332,18,111.4,1711818060000,2.3015
1711828200000,2.2941,2.2967,2.2941,2.2961,494.7,1711828259999,1135.65866,38,216.8,1711818060000,2.3015
1711828260000,2.2966,2.2978,2.2966,2.2969,770.2,1711828319999,1769.57585,31,123.0,1711818060000,2.3015
1711828320000,2.2963,2.2970,2.2943,2.2960,1823.8,1711828379999,4187.43283,66,240.4,1711818060000,2.3015
1711828380000,2.2960,2.2972,2.2955,2.2972,726.3,1711828439999,1667.95061,28,649.9,1711818060000,2.3015
1711828440000,2.2970,2.2970,2.2962,2.2968,536.5,1711828499999,1232.27660,15,416.8,1711818060000,2.3015
1711828500000,2.2968,2.2978,2.2965,2.2967,985.4,1711828559999,2263.51040,34,769.2,1711818060000,2.3015
1711828560000,2.2961,2.2975,2.2952,2.2973,798.6,1711828619999,1834.34988,41,258.3,1711818060000,2.3015
1711828620000,2.2972,2.2972,2.2946,2.2946,2212.2,1711828679999,5080.22551,24,0,1711818060000,2.3015
1711828680000,2.2953,2.2961,2.2950,2.2961,444.9,1711828739999,1021.38119,27,388.5,1711818060000,2.3015
1711828740000,2.2957,2.2957,2.2944,2.2944,237.9,1711828799999,545.98102,12,65.3,1711818060000,2.3015
1711828800000,2.2942,2.2953,2.2902,2.2902,5350.2,1711828859999,12269.29785,151,2675.5,1711818060000,2.3015
1711828860000,2.2908,2.2933,2.2901,2.2910,1713.0,1711828919999,3925.31202,71,1127.9,1711818060000,2.3015
1711828920000,2.2910,2.2910,2.2910,2.2910,0,1711828979999,0,0,0,1711818060000,2.3015
