Time,Open,High,Low,Close,Volume,Close time,Quote asset volume,Number of trades,Taker buy base asset volume,Time_alert,Price_alert
1711472880000,0.46723,0.46724,0.46488,0.46495,44121,1711472939999,20583.09514,237,10069,1711478280000,0.47795
1711472940000,0.46501,0.46538,0.46439,0.46503,52724,1711472999999,24510.49264,377,33778,1711478280000,0.47795
1711473000000,0.46503,0.46581,0.46474,0.46485,26355,1711473059999,12261.47424,206,14700,1711478280000,0.47795
1711473060000,0.46492,0.46604,0.46453,0.46588,25281,1711473119999,11760.23204,241,13909,1711478280000,0.47795
1711473120000,0.46592,0.46594,0.46438,0.46447,15141,1711473179999,7043.30042,186,2488,1711478280000,0.47795
1711473180000,0.46443,0.46461,0.46318,0.46357,60867,1711473239999,28226.46186,359,10939,1711478280000,0.47795
1711473240000,0.46361,0.46430,0.46293,0.46421,32646,1711473299999,15125.96261,175,24214,1711478280000,0.47795
1711473300000,0.46427,0.46558,0.46427,0.46558,31108,1711473359999,14463.50669,275,15262,1711478280000,0.47795
1711473360000,0.46568,0.46645,0.46506,0.46613,26135,1711473419999,12176.54584,226,14859,1711478280000,0.47795
1711473420000,0.46635,0.46861,0.46635,0.46751,195964,1711473479999,91652.89812,700,142646,1711478280000,0.47795
1711473480000,0.46763,0.46870,0.46763,0.46852,43177,1711473539999,20224.37510,250,30369,1711478280000,0.47795
1711473540000,0.46851,0.46976,0.46850,0.46920,67308,1711473599999,31586.20893,292,34933,1711478280000,0.47795
1711473600000,0.46914,0.46979,0.46848,0.46901,47718,1711473659999,22385.92828,236,25510,1711478280000,0.47795
1711473660000,0.46900,0.46922,0.46782,0.46922,36238,1711473719999,16980.88398,211,11559,1711478280000,0.47795
1711473720000,0.46926,0.46999,0.46913,0.46946,34109,1711473779999,16018.14351,206,9415,1711478280000,0.47795
1711473780000,0.46951,0.46956,0.46873,0.46934,17473,1711473839999,8196.41321,154,9577,1711478280000,0.47795
1711473840000,0.46909,0.46968,0.46889,0.46958,18533,1711473899999,8698.09993,114,8028,1711478280000,0.47795
1711473900000,0.46964,0.47118,0.46954,0.47054,33269,1711473959999,15652.26736,231,14270,1711478280000,0.47795
1711473960000,0.47045,0.47133,0.46997,0.46997,37024,1711474019999,17424.76743,249,5971,1711478280000,0.47795
1711474020000,0.47013,0.47088,0.46957,0.47088,57387,1711474079999,26976.76478,345,20256,1711478280000,0.47795
1711474080000,0.47080,0.47112,0.46993,0.46993,29415,1711474139999,13841.88385,235,4563,1711478280000,0.47795
1711474140000,0.46989,0.47117,0.46973,0.47098,34856,1711474199999,16402.26805,268,18986,1711478280000,0.47795
1711474200000,0.47100,0.47130,0.47051,0.47089,31698,1711474259999,14927.79212,208,11908,1711478280000,0.47795
1711474260000,0.47103,0.47212,0.47103,0.47202,35265,1711474319999,16633.73341,215,22261,1711478280000,0.47795
1711474320000,0.47206,0.47206,0.47146,0.47200,23068,1711474379999,10882.95789,179,3798,1711478280000,0.47795
1711474380000,0.47201,0.47202,0.47100,0.47149,40910,1711474439999,19283.44075,307,20791,1711478280000,0.47795
1711474440000,0.47149,0.47238,0.47142,0.47237,41179,1711474499999,19431.59516,246,29097,1711478280000,0.47795
1711474500000,0.47232,0.47253,0.47172,0.47190,60717,1711474559999,28672.41405,316,12644,1711478280000,0.47795
1711474560000,0.47193,0.47327,0.47190,0.47249,59533,1711474619999,28138.54925,373,35546,1711478280000,0.47795
1711474620000,0.47243,0.47283,0.47205,0.47271,45696,1711474679999,21585.13431,231,31225,1711478280000,0.47795
1711474680000,0.47275,0.47350,0.47269,0.47314,17659,1711474739999,8354.34963,192,8773,1711478280000,0.47795
1711474740000,0.47316,0.47318,0.47254,0.47265,27115,1711474799999,12820.79820,164,2704,1711478280000,0.47795
1711474800000,0.47267,0.47328,0.47247,0.47268,35142,1711474859999,16620.24512,258,21016,1711478280000,0.47795
1711474860000,0.47265,0.47276,0.47185,0.47272,35340,1711474919999,16693.13733,234,12608,1711478280000,0.47795
1711474920000,0.47273,0.47335,0.47260,0.47324,23044,1711474979999,10901.31600,211,13600,1711478280000,0.47795
1711474980000,0.47320,0.47375,0.47311,0.47356,27593,1711475039999,13062.42873,162,20298,1711478280000,0.47795
1711475040000,0.47349,0.47352,0.47309,0.47315,19398,1711475099999,9182.35081,143,2254,1711478280000,0.47795
1711475100000,0.47312,0.47349,0.47278,0.47292,11684,1711475159999,5529.08699,138,3720,1711478280000,0.47795
1711475160000,0.47286,0.47318,0.47232,0.47275,11298,1711475219999,5341.81576,142,7288,1711478280000,0.47795
1711475220000,0.47280,0.47312,0.47236,0.47292,12621,1711475279999,5967.51288,161,6763,1711478280000,0.47795
1711475280000,0.47296,0.47342,0.47270,0.47275,14403,1711475339999,6812.65685,139,5533,1711478280000,0.47795
1711475340000,0.47280,0.47336,0.47247,0.47322,14189,1711475399999,6710.51402,121,8153,1711478280000,0.47795
1711475400000,0.47321,0.47433,0.47321,0.47383,27181,1711475459999,12880.79317,161,15271,1711478280000,0.47795
1711475460000,0.47375,0.47428,0.47351,0.47424,23995,1711475519999,11369.71023,196,16375,1711478280000,0.47795
1711475520000,0.47424,0.47424,0.47303,0.47303,40978,1711475579999,19403.59431,224,6368,1711478280000,0.47795
1711475580000,0.47338,0.47418,0.47333,0.47389,23049,1711475639999,10921.38680,165,8877,1711478280000,0.47795
1711475640000,0.47392,0.47430,0.47364,0.47430,13691,1711475699999,6490.45983,103,10196,1711478280000,0.47795
1711475700000,0.47430,0.47471,0.47418,0.47418,14598,1711475759999,6925.27209,114,6823,1711478280000,0.47795
1711475760000,0.47419,0.47425,0.47370,0.47370,12707,1711475819999,6023.81257,71,2083,1711478280000,0.47795
1711475820000,0.47368,0.47461,0.47346,0.47408,56544,1711475879999,26808.21967,223,27603,1711478280000,0.47795
1711475880000,0.47408,0.47412,0.47299,0.47330,66551,1711475939999,31499.68119,255,33765,1711478280000,0.47795
1711475940000,0.47329,0.47354,0.47288,0.47349,29500,1711475999999,13959.47145,210,11680,1711478280000,0.47795
1711476000000,0.47354,0.47390,0.47300,0.47341,32571,1711476059999,15421.11457,236,16356,1711478280000,0.47795
1711476060000,0.47340,0.47383,0.47280,0.47312,30773,1711476119999,14566.05648,237,11206,1711478280000,0.47795
1711476120000,0.47307,0.47354,0.47306,0.47323,21186,1711476179999,10026.13585,229,9669,1711478280000,0.47795
1711476180000,0.47324,0.47378,0.47295,0.47361,25192,1711476239999,11924.41923,238,10250,1711478280000,0.47795
1711476240000,0.47358,0.47439,0.47356,0.47437,12509,1711476299999,5928.38124,99,8983,1711478280000,0.47795
1711476300000,0.47438,0.47509,0.47438,0.47507,79983,1711476359999,37968.37174,297,49605,1711478280000,0.47795
1711476360000,0.47517,0.47556,0.47453,0.47487,35680,1711476419999,16946.89534,213,17457,1711478280000,0.47795
1711476420000,0.47486,0.47512,0.47444,0.47448,21880,1711476479999,10390.32067,154,6140,1711478280000,0.47795
1711476480000,0.47449,0.47489,0.47442,0.47464,18953,1711476539999,8997.07499,142,3310,1711478280000,0.47795
1711476540000,0.47476,0.47500,0.47460,0.47472,18782,1711476599999,8917.49117,171,3759,1711478280000,0.47795
1711476600000,0.47472,0.47481,0.47424,0.47424,26561,1711476659999,12606.72346,168,11200,1711478280000,0.47795
1711476660000,0.47422,0.47438,0.47346,0.47389,41215,1711476719999,19526.46034,216,6200,1711478280000,0.47795
1711476720000,0.47391,0.47420,0.47355,0.47409,18649,1711476779999,8837.86660,163,12113,1711478280000,0.47795
1711476780000,0.47409,0.47425,0.47393,0.47401,10842,1711476839999,5140.11914,111,3696,1711478280000,0.47795
1711476840000,0.47404,0.47456,0.47404,0.47414,29709,1711476899999,14091.44967,253,13715,1711478280000,0.47795
1711476900000,0.47414,0.47421,0.47319,0.47360,52322,1711476959999,24779.81559,321,15086,1711478280000,0.47795
1711476960000,0.47361,0.47385,0.47265,0.47316,19626,1711477019999,9288.02462,209,7484,1711478280000,0.47795
1711477020000,0.47314,0.47370,0.47313,0.47331,12987,1711477079999,6147.11968,111,3148,1711478280000,0.47795
1711477080000,0.47328,0.47403,0.47328,0.47368,24538,1711477139999,11623.58494,239,13663,1711478280000,0.47795
1711477140000,0.47374,0.47374,0.47299,0.47315,28180,1711477199999,13337.78929,204,2561,1711478280000,0.47795
1711477200000,0.47315,0.47315,0.47260,0.47291,29995,1711477259999,14184.84880,168,10274,1711478280000,0.47795
1711477260000,0.47290,0.47309,0.47252,0.47301,16209,1711477319999,7664.42657,106,3301,1711478280000,0.47795
1711477320000,0.47280,0.47359,0.47277,0.47317,23648,1711477379999,11191.93467,169,13462,1711478280000,0.47795
1711477380000,0.47317,0.47410,0.47287,0.47366,36101,1711477439999,17096.03752,231,14563,1711478280000,0.47795
1711477440000,0.47367,0.47436,0.47367,0.47403,14089,1711477499999,6679.18710,93,7275,1711478280000,0.47795
1711477500000,0.47394,0.47394,0.47335,0.47341,14872,1711477559999,7043.99969,105,3479,1711478280000,0.47795
1711477560000,0.47348,0.47351,0.47317,0.47335,14188,1711477619999,6716.50551,114,3034,1711478280000,0.47795
1711477620000,0.47341,0.47400,0.47340,0.47352,15238,1711477679999,7219.47927,83,6836,1711478280000,0.47795
1711477680000,0.47352,0.47383,0.47324,0.47382,12271,1711477739999,5810.49106,79,2816,1711478280000,0.47795
1711477740000,0.47383,0.47383,0.47325,0.47348,17578,1711477799999,8325.62894,132,5806,1711478280000,0.47795
1711477800000,0.47348,0.47372,0.47264,0.47271,56051,1711477859999,26520.80822,309,18026,1711478280000,0.47795
1711477860000,0.47282,0.47319,0.47239,0.47312,31828,1711477919999,15047.96380,185,9364,1711478280000,0.47795
1711477920000,0.47311,0.47356,0.47291,0.47356,30845,1711477979999,14597.81569,176,16979,1711478280000,0.47795
1711477980000,0.47357,0.47412,0.47357,0.47410,13898,1711478039999,6586.47495,148,7921,1711478280000,0.47795
1711478040000,0.47410,0.47410,0.47373,0.47383,14698,1711478099999,6966.32210,137,6203,1711478280000,0.47795
1711478100000,0.47389,0.47472,0.47361,0.47450,20155,1711478159999,9557.25375,181,8718,1711478280000,0.47795
1711478160000,0.47459,0.47520,0.47450,0.47520,33237,1711478219999,15788.30417,201,24913,1711478280000,0.47795
1711478220000,0.47519,0.47576,0.47519,0.47542,23295,1711478279999,11078.58421,144,5722,1711478280000,0.47795
1711478280000,0.47542,0.48166,0.47437,0.47807,1645204,1711478339999,786214.20463,3357,1112978,1711478280000,0.47795
1711478340000,0.47794,0.47928,0.47712,0.47883,495864,1711478399999,237017.05958,1635,346715,1711478280000,0.47795
1711478400000,0.47873,0.48032,0.47762,0.47816,276367,1711478459999,132317.20699,1011,153659,1711478280000,0.47795
1711478460000,0.47818,0.48003,0.47810,0.47926,141441,1711478519999,67755.89548,673,110210,1711478280000,0.47795
1711478520000,0.47914,0.47980,0.47876,0.47918,143256,1711478579999,68653.10016,453,105234,1711478280000,0.47795
1711478580000,0.47917,0.48079,0.47912,0.48015,268272,1711478639999,128737.21933,757,160899,1711478280000,0.47795
1711478640000,0.48018,0.48140,0.47979,0.48024,157902,1711478699999,75899.48092,656,61073,1711478280000,0.47795
1711478700000,0.48020,0.48020,0.47815,0.47902,266741,1711478759999,127742.00812,637,141332,1711478280000,0.47795
1711478760000,0.47895,0.47945,0.47870,0.47945,51899,1711478819999,24860.70261,268,34748,1711478280000,0.47795
1711478820000,0.47935,0.47951,0.47859,0.47951,82276,1711478879999,39407.68492,309,22740,1711478280000,0.47795
1711478880000,0.47952,0.48035,0.47859,0.47914,311403,1711478939999,149237.82008,755,77688,1711478280000,0.47795
1711478940000,0.47911,0.47924,0.47859,0.47873,26843,1711478999999,12857.36097,203,11574,1711478280000,0.47795
1711479000000,0.47874,0.47874,0.47715,0.47759,220083,1711479059999,105161.80973,837,84470,1711478280000,0.47795
1711479060000,0.47758,0.47818,0.47754,0.47790,28509,1711479119999,13619.75435,173,20471,1711478280000,0.47795
1711479120000,0.47797,0.47867,0.47792,0.47799,51241,1711479179999,24512.81118,208,25764,1711478280000,0.47795
1711479180000,0.47798,0.47798,0.47652,0.47666,66711,1711479239999,31824.53147,352,23582,1711478280000,0.47795
1711479240000,0.47666,0.47785,0.47660,0.47756,52834,1711479299999,25215.44031,213,33314,1711478280000,0.47795
1711479300000,0.47755,0.47755,0.47660,0.47710,69673,1711479359999,33233.22270,409,27733,1711478280000,0.47795
1711479360000,0.47707,0.47707,0.47568,0.47591,128525,1711479419999,61217.53058,554,19056,1711478280000,0.47795
1711479420000,0.47594,0.47641,0.47548,0.47582,54386,1711479479999,25880.14780,321,23758,1711478280000,0.47795
1711479480000,0.47587,0.47587,0.47476,0.47491,48022,1711479539999,22823.43441,245,11794,1711478280000,0.47795
1711479540000,0.47491,0.47522,0.47387,0.47397,136881,1711479599999,64950.30489,491,27581,1711478280000,0.47795
1711479600000,0.47401,0.47477,0.47351,0.47418,109311,1711479659999,51824.79151,470,40066,1711478280000,0.47795
1711479660000,0.47398,0.47531,0.47384,0.47505,75143,1711479719999,35667.86908,332,56131,1711478280000,0.47795
1711479720000,0.47514,0.47514,0.47435,0.47467,27959,1711479779999,13274.11791,182,8559,1711478280000,0.47795
1711479780000,0.47467,0.47487,0.47424,0.47424,16643,1711479839999,7897.79300,106,5330,1711478280000,0.47795
1711479840000,0.47429,0.47435,0.47270,0.47309,53254,1711479899999,25199.67116,304,18903,1711478280000,0.47795
1711479900000,0.47312,0.47330,0.47225,0.47297,47628,1711479959999,22512.71481,309,27809,1711478280000,0.47795
1711479960000,0.47283,0.47283,0.47154,0.47245,121067,1711480019999,57196.71876,604,74026,1711478280000,0.47795
1711480020000,0.47245,0.47299,0.47028,0.47061,68767,1711480079999,32413.76073,414,19798,1711478280000,0.47795
1711480080000,0.47067,0.47198,0.47067,0.47166,83346,1711480139999,39294.34812,315,53493,1711478280000,0.47795
1711480140000,0.47171,0.47216,0.46993,0.47078,168822,1711480199999,79436.20077,449,37399,1711478280000,0.47795
1711480200000,0.47076,0.47076,0.46833,0.46925,227908,1711480259999,106944.39764,697,49920,1711478280000,0.47795
1711480260000,0.46928,0.47030,0.46925,0.47021,73574,1711480319999,34565.89350,256,45995,1711478280000,0.47795
1711480320000,0.47021,0.47203,0.47021,0.47175,32515,1711480379999,15326.20032,222,20434,1711478280000,0.47795
1711480380000,0.47174,0.47195,0.47102,0.47166,65200,1711480439999,30736.01023,311,26398,1711478280000,0.47795
1711480440000,0.47166,0.47229,0.47141,0.47141,30057,1711480499999,14182.53415,155,13392,1711478280000,0.47795
1711480500000,0.47146,0.47191,0.47041,0.47055,46210,1711480559999,21781.95422,254,15557,1711478280000,0.47795
1711480560000,0.47042,0.47051,0.46951,0.46953,43895,1711480619999,20635.61621,243,23464,1711478280000,0.47795
1711480620000,0.46966,0.47072,0.46966,0.47050,28010,1711480679999,13173.07577,224,20844,1711478280000,0.47795
1711480680000,0.47040,0.47069,0.46970,0.47062,15474,1711480739999,7276.07654,170,5486,1711478280000,0.47795
1711480740000,0.47064,0.47064,0.46959,0.46969,6010,1711480799999,2824.77659,64,1594,1711478280000,0.47795
1711480800000,0.46969,0.46975,0.46894,0.46909,31849,1711480859999,14948.72125,210,11896,1711478280000,0.47795
1711480860000,0.46912,0.47011,0.46912,0.46984,24098,1711480919999,11316.47491,210,13229,1711478280000,0.47795
1711480920000,0.46974,0.47004,0.46931,0.46954,38930,1711480979999,18286.25284,236,12203,1711478280000,0.47795
1711480980000,0.46955,0.46955,0.46875,0.46926,54396,1711481039999,25522.32888,353,20531,1711478280000,0.47795
1711481040000,0.46925,0.46978,0.46904,0.46948,25494,1711481099999,11970.52484,264,13792,1711478280000,0.47795
1711481100000,0.46943,0.46981,0.46896,0.46896,36219,1711481159999,17001.75523,204,11272,1711478280000,0.47795
1711481160000,0.46897,0.46946,0.46875,0.46937,21903,1711481219999,10276.11764,257,16093,1711478280000,0.47795
1711481220000,0.46940,0.47082,0.46936,0.47082,61063,1711481279999,28695.64080,228,43461,1711478280000,0.47795
1711481280000,0.47074,0.47213,0.47074,0.47195,32545,1711481339999,15351.41299,227,21503,1711478280000,0.47795
1711481340000,0.47195,0.47195,0.47088,0.47105,21217,1711481399999,10001.62488,109,4436,1711478280000,0.47795
1711481400000,0.47106,0.47204,0.47071,0.47185,51010,1711481459999,24038.68076,266,20358,1711478280000,0.47795
1711481460000,0.47181,0.47213,0.47145,0.47201,25629,1711481519999,12093.29991,133,10076,1711478280000,0.47795
1711481520000,0.47187,0.47187,0.47045,0.47077,32351,1711481579999,15240.12154,205,7400,1711478280000,0.47795
1711481580000,0.47070,0.47077,0.47033,0.47036,9528,1711481639999,4483.45677,116,1585,1711478280000,0.47795
1711481640000,0.47037,0.47037,0.46860,0.46988,146268,1711481699999,68631.85144,427,23907,1711478280000,0.47795
1711481700000,0.46992,0.47070,0.46992,0.47070,27951,1711481759999,13149.34835,198,15589,1711478280000,0.47795
1711481760000,0.47070,0.47131,0.47054,0.47095,32229,1711481819999,15174.60837,304,20555,1711478280000,0.47795
1711481820000,0.47087,0.47208,0.47043,0.47139,54485,1711481879999,25689.44358,310,43727,1711478280000,0.47795
1711481880000,0.47139,0.47165,0.47109,0.47145,28337,1711481939999,13357.61468,222,13724,1711478280000,0.47795
1711481940000,0.47153,0.47183,0.47126,0.47183,14628,1711481999999,6898.46415,127,9250,1711478280000,0.47795
1711482000000,0.47194,0.47329,0.47194,0.47324,23314,1711482059999,11022.30306,194,16811,1711478280000,0.47795
1711482060000,0.47326,0.47337,0.47284,0.47309,18743,1711482119999,8867.89683,126,9509,1711478280000,0.47795
1711482120000,0.47307,0.47360,0.47292,0.47360,9474,1711482179999,4483.36939,101,3183,1711478280000,0.47795
1711482180000,0.47346,0.47372,0.47211,0.47211,16853,1711482239999,7972.14986,119,5790,1711478280000,0.47795
1711482240000,0.47203,0.47249,0.47178,0.47220,12476,1711482299999,5890.08886,157,8514,1711478280000,0.47795
1711482300000,0.47221,0.47247,0.47179,0.47180,12569,1711482359999,5934.25471,126,2530,1711478280000,0.47795
1711482360000,0.47174,0.47202,0.47130,0.47160,32180,1711482419999,15177.69150,271,24761,1711478280000,0.47795
1711482420000,0.47163,0.47280,0.47163,0.47280,21899,1711482479999,10338.93704,161,15399,1711478280000,0.47795
1711482480000,0.47290,0.47384,0.47285,0.47336,84018,1711482539999,39760.42340,344,23677,1711478280000,0.47795
1711482540000,0.47336,0.47378,0.47323,0.47356,7818,1711482599999,3701.96302,93,3987,1711478280000,0.47795
1711482600000,0.47365,0.47365,0.47201,0.47204,17414,1711482659999,8232.16802,112,2361,1711478280000,0.47795
1711482660000,0.47200,0.47200,0.47051,0.47061,43888,1711482719999,20672.62952,228,6951,1711478280000,0.47795
1711482720000,0.47067,0.47078,0.47015,0.47025,24085,1711482779999,11330.99005,194,8943,1711478280000,0.47795
1711482780000,0.47050,0.47140,0.47050,0.47102,42149,1711482839999,19856.39534,262,27755,1711478280000,0.47795
1711482840000,0.47101,0.47167,0.47078,0.47159,18751,1711482899999,8836.50874,158,14921,1711478280000,0.47795
1711482900000,0.47160,0.47206,0.47127,0.47141,35240,1711482959999,16617.04968,248,8923,1711478280000,0.47795
1711482960000,0.47139,0.47218,0.47085,0.47192,57416,1711483019999,27067.71104,282,26477,1711478280000,0.47795
1711483020000,0.47199,0.47234,0.47096,0.47108,59565,1711483079999,28076.96658,213,12659,1711478280000,0.47795
1711483080000,0.47104,0.47104,0.47038,0.47069,13863,1711483139999,6523.99712,143,3992,1711478280000,0.47795
1711483140000,0.47068,0.47078,0.46967,0.47009,21445,1711483199999,10082.44254,162,6634,1711478280000,0.47795
1711483200000,0.47011,0.47169,0.47011,0.47111,32720,1711483259999,15405.15128,231,12785,1711478280000,0.47795
1711483260000,0.47111,0.47232,0.47111,0.47124,23878,1711483319999,11265.48239,244,14145,1711478280000,0.47795
1711483320000,0.47125,0.47301,0.47085,0.47290,25919,1711483379999,12227.03240,204,11965,1711478280000,0.47795
1711483380000,0.47287,0.47351,0.47283,0.47351,25697,1711483439999,12155.47481,154,16060,1711478280000,0.47795
1711483440000,0.47352,0.47417,0.47352,0.47414,38089,1711483499999,18046.75179,190,29493,1711478280000,0.47795
1711483500000,0.47414,0.47519,0.47414,0.47507,85414,1711483559999,40545.36005,370,50569,1711478280000,0.47795
1711483560000,0.47514,0.47532,0.47365,0.47418,53265,1711483619999,25280.18289,293,12492,1711478280000,0.47795
1711483620000,0.47421,0.47459,0.47414,0.47433,16735,1711483679999,7938.33638,126,8252,1711478280000,0.47795
1711483680000,0.47432,0.47432,0.47370,0.47397,21408,1711483739999,10147.06900,139,11565,1711478280000,0.47795
1711483740000,0.47399,0.47615,0.47396,0.47569,60237,1711483799999,28639.19586,303,49613,1711478280000,0.47795
1711483800000,0.47576,0.47668,0.47567,0.47659,85190,1711483859999,40551.76970,313,43684,1711478280000,0.47795
1711483860000,0.47664,0.47701,0.47643,0.47686,27503,1711483919999,13109.31131,183,14439,1711478280000,0.47795
1711483920000,0.47691,0.47721,0.47675,0.47696,41962,1711483979999,20015.52178,162,19570,1711478280000,0.47795
1711483980000,0.47694,0.47699,0.47653,0.47693,17390,1711484039999,8290.15621,93,12044,1711478280000,0.47795
1711484040000,0.47697,0.47697,0.47632,0.47663,27548,1711484099999,13130.92509,167,7559,1711478280000,0.47795
1711484100000,0.47661,0.47688,0.47578,0.47657,37001,1711484159999,17629.58145,194,18171,1711478280000,0.47795
1711484160000,0.47647,0.47742,0.47646,0.47719,50827,1711484219999,24246.91003,205,39089,1711478280000,0.47795
1711484220000,0.47721,0.47721,0.47600,0.47668,67592,1711484279999,32199.19480,220,42853,1711478280000,0.47795
1711484280000,0.47673,0.47798,0.47673,0.47748,47662,1711484339999,22752.86733,261,12921,1711478280000,0.47795
1711484340000,0.47753,0.47871,0.47737,0.47777,65343,1711484399999,31227.98446,365,29589,1711478280000,0.47795
1711484400000,0.47772,0.47832,0.47732,0.47732,16644,1711484459999,7955.14060,150,8434,1711478280000,0.47795
1711484460000,0.47736,0.47748,0.47638,0.47676,15834,1711484519999,7550.76655,203,7343,1711478280000,0.47795
1711484520000,0.47688,0.47702,0.47656,0.47672,7663,1711484579999,3654.12410,82,4462,1711478280000,0.47795
1711484580000,0.47667,0.47683,0.47609,0.47657,21340,1711484639999,10168.40017,106,11506,1711478280000,0.47795
1711484640000,0.47655,0.47659,0.47600,0.47652,18551,1711484699999,8835.42474,108,9248,1711478280000,0.47795
1711484700000,0.47648,0.47706,0.47636,0.47699,7505,1711484759999,3577.82247,63,5453,1711478280000,0.47795
1711484760000,0.47717,0.47762,0.47709,0.47722,20410,1711484819999,9743.31734,151,13302,1711478280000,0.47795
1711484820000,0.47729,0.47789,0.47729,0.47770,5453,1711484879999,2605.35452,62,2703,1711478280000,0.47795
1711484880000,0.47773,0.47825,0.47750,0.47811,6859,1711484939999,3277.85707,67,3233,1711478280000,0.47795
1711484940000,0.47798,0.47821,0.47796,0.47821,3081,1711484999999,1473.02477,34,2179,1711478280000,0.47795
1711485000000,0.47815,0.47869,0.47758,0.47789,52683,1711485059999,25179.14565,153,16233,1711478280000,0.47795
1711485060000,0.47792,0.47905,0.47792,0.47880,17066,1711485119999,8171.62108,126,13708,1711478280000,0.47795
1711485120000,0.47872,0.47912,0.47859,0.47897,27339,1711485179999,13092.01141,171,12717,1711478280000,0.47795
1711485180000,0.47898,0.47919,0.47866,0.47916,11658,1711485239999,5584.47511,121,4050,1711478280000,0.47795
1711485240000,0.47914,0.47973,0.47892,0.47973,14654,1711485299999,7024.42329,130,8278,1711478280000,0.47795
1711485300000,0.47978,0.48060,0.47966,0.48010,97625,1711485359999,46867.72925,360,57636,1711478280000,0.47795
1711485360000,0.48013,0.48037,0.47984,0.48027,31916,1711485419999,15323.33116,184,18035,1711478280000,0.47795
1711485420000,0.48032,0.48062,0.47979,0.48062,24910,1711485479999,11961.36663,156,9179,1711478280000,0.47795
1711485480000,0.48060,0.48060,0.48012,0.48036,20778,1711485539999,9981.26120,167,9691,1711478280000,0.47795
1711485540000,0.48036,0.48056,0.48018,0.48027,11179,1711485599999,5370.88478,65,1759,1711478280000,0.47795
1711485600000,0.48033,0.48039,0.47950,0.47970,25777,1711485659999,12376.10725,215,12205,1711478280000,0.47795
1711485660000,0.47964,0.47964,0.47813,0.47877,89823,1711485719999,43000.46529,363,20714,1711478280000,0.47795
1711485720000,0.47875,0.47954,0.47814,0.47954,76065,1711485779999,36422.48092,244,70154,1711478280000,0.47795
1711485780000,0.47956,0.47956,0.47794,0.47805,47298,1711485839999,22632.99528,273,7755,1711478280000,0.47795
1711485840000,0.47808,0.47830,0.47732,0.47735,15117,1711485899999,7224.21114,127,5894,1711478280000,0.47795
1711485900000,0.47734,0.47734,0.47615,0.47653,24542,1711485959999,11696.70096,200,15777,1711478280000,0.47795
1711485960000,0.47651,0.47657,0.47594,0.47644,30875,1711486019999,14704.83491,157,17457,1711478280000,0.47795
1711486020000,0.47644,0.47672,0.47600,0.47645,30828,1711486079999,14685.67327,215,7746,1711478280000,0.47795
1711486080000,0.47649,0.47700,0.47605,0.47605,27872,1711486139999,13285.07185,177,12229,1711478280000,0.47795
1711486140000,0.47602,0.47602,0.47469,0.47546,32566,1711486199999,15482.63576,249,10892,1711478280000,0.47795
1711486200000,0.47542,0.47542,0.47403,0.47434,53645,1711486259999,25451.21965,324,10531,1711478280000,0.47795
1711486260000,0.47429,0.47488,0.47419,0.47450,15933,1711486319999,7560.15554,109,9127,1711478280000,0.47795
1711486320000,0.47464,0.47477,0.47441,0.47448,4449,1711486379999,2111.32659,52,1503,1711478280000,0.47795
1711486380000,0.47460,0.47597,0.47460,0.47582,126176,1711486439999,59978.85360,342,119528,1711478280000,0.47795
1711486440000,0.47589,0.47606,0.47541,0.47589,29876,1711486499999,14213.02222,125,13595,1711478280000,0.47795
1711486500000,0.47587,0.47626,0.47578,0.47626,9867,1711486559999,4697.14471,84,4082,1711478280000,0.47795
1711486560000,0.47628,0.47690,0.47623,0.47687,16835,1711486619999,8024.69607,137,13601,1711478280000,0.47795
1711486620000,0.47695,0.47701,0.47602,0.47602,4091,1711486679999,1949.77426,76,808,1711478280000,0.47795
1711486680000,0.47602,0.47760,0.47602,0.47735,5926,1711486739999,2825.88699,78,4045,1711478280000,0.47795
1711486740000,0.47728,0.47840,0.47722,0.47778,13924,1711486799999,6651.91258,140,10224,1711478280000,0.47795
1711486800000,0.47787,0.47886,0.47787,0.47879,24063,1711486859999,11515.98576,217,11670,1711478280000,0.47795
1711486860000,0.47892,0.47978,0.47881,0.47929,22323,1711486919999,10701.72825,101,7059,1711478280000,0.47795
1711486920000,0.47944,0.48068,0.47934,0.48058,15190,1711486979999,7293.02406,133,13131,1711478280000,0.47795
1711486980000,0.48053,0.48071,0.47950,0.47961,36152,1711487039999,17357.93771,218,19038,1711478280000,0.47795
1711487040000,0.47969,0.48083,0.47969,0.48058,35871,1711487099999,17227.09968,184,31639,1711478280000,0.47795
1711487100000,0.48066,0.48094,0.48021,0.48021,53342,1711487159999,25637.88369,279,15920,1711478280000,0.47795
1711487160000,0.48023,0.48104,0.48020,0.48070,28019,1711487219999,13466.93079,231,18038,1711478280000,0.47795
1711487220000,0.48072,0.48116,0.48043,0.48089,32591,1711487279999,15667.47225,300,18522,1711478280000,0.47795
1711487280000,0.48086,0.48086,0.47990,0.48017,42600,1711487339999,20457.21330,266,17496,1711478280000,0.47795
1711487340000,0.48018,0.48148,0.48018,0.48118,24838,1711487399999,11942.45704,168,13165,1711478280000,0.47795
1711487400000,0.48117,0.48160,0.48065,0.48154,39788,1711487459999,19142.30858,246,23724,1711478280000,0.47795
1711487460000,0.48157,0.48157,0.48019,0.48040,43559,1711487519999,20937.71658,207,23915,1711478280000,0.47795
1711487520000,0.48037,0.48071,0.48016,0.48044,11030,1711487579999,5298.37489,101,5834,1711478280000,0.47795
1711487580000,0.48052,0.48052,0.47977,0.48017,12272,1711487639999,5890.93189,119,6830,1711478280000,0.47795
1711487640000,0.48020,0.48020,0.47961,0.47997,11169,1711487699999,5360.45911,92,2983,1711478280000,0.47795
1711487700000,0.47997,0.48033,0.47985,0.48028,25440,1711487759999,12214.99619,123,17251,1711478280000,0.47795
1711487760000,0.48043,0.48146,0.48040,0.48119,23488,1711487819999,11296.37833,173,6282,1711478280000,0.47795
1711487820000,0.48119,0.48123,0.47995,0.47995,8317,1711487879999,3998.14176,100,1956,1711478280000,0.47795
1711487880000,0.47990,0.48080,0.47960,0.48080,7042,1711487939999,3380.98174,75,5383,1711478280000,0.47795
1711487940000,0.48089,0.48156,0.48089,0.48156,10071,1711487999999,4846.95655,63,4548,1711478280000,0.47795
1711488000000,0.48149,0.48239,0.48148,0.48211,47093,1711488059999,22688.11160,209,15344,1711478280000,0.47795
1711488060000,0.48214,0.48214,0.48149,0.48169,20274,1711488119999,9767.21370,134,7564,1711478280000,0.47795
1711488120000,0.48164,0.48214,0.48142,0.48207,13648,1711488179999,6572.85533,87,9308,1711478280000,0.47795
1711488180000,0.48202,0.48202,0.48068,0.48089,31026,1711488239999,14929.72934,171,14181,1711478280000,0.47795
1711488240000,0.48100,0.48192,0.48093,0.48185,20282,1711488299999,9768.41521,112,16538,1711478280000,0.47795
1711488300000,0.48182,0.48185,0.48101,0.48126,20327,1711488359999,9784.37681,154,7701,1711478280000,0.47795
1711488360000,0.48125,0.48232,0.48101,0.48223,26065,1711488419999,12555.85731,191,20816,1711478280000,0.47795
1711488420000,0.48228,0.48239,0.48170,0.48222,29345,1711488479999,14144.66057,149,8859,1711478280000,0.47795
1711488480000,0.48221,0.48249,0.48220,0.48249,8000,1711488539999,3858.66502,52,5299,1711478280000,0.47795
1711488540000,0.48248,0.48300,0.48232,0.48300,22663,1711488599999,10937.49787,148,14009,1711478280000,0.47795
1711488600000,0.48293,0.48419,0.48293,0.48414,59589,1711488659999,28838.18488,283,41856,1711478280000,0.47795
1711488660000,0.48408,0.48414,0.48404,0.48414,10617,1711488719999,5139.60372,48,9533,1711478280000,0.47795
1711488720000,0.48413,0.48437,0.48404,0.48434,27536,1711488779999,13331.40034,113,12928,1711478280000,0.47795
1711488780000,0.48435,0.48447,0.48297,0.48317,52460,1711488839999,25379.89911,263,21612,1711478280000,0.47795
1711488840000,0.48322,0.48434,0.48322,0.48413,30532,1711488899999,14771.55366,196,18263,1711478280000,0.47795
1711488900000,0.48409,0.48454,0.48404,0.48414,14434,1711488959999,6991.10053,83,6699,1711478280000,0.47795
1711488960000,0.48409,0.48409,0.48325,0.48359,25035,1711489019999,12107.91062,165,13160,1711478280000,0.47795
1711489020000,0.48352,0.48408,0.48352,0.48383,13951,1711489079999,6749.41314,106,12010,1711478280000,0.47795
1711489080000,0.48389,0.48389,0.48350,0.48369,8260,1711489139999,3995.33106,74,2507,1711478280000,0.47795
